"n/n"	"y"	"x"	"Feet"	"Metr"		"FM"	"ELE"	"P_INF"	"PAL"	"MOG"	"FINAL"	"ELE"	"P_INF"	"PAL"	"MOG"	"FINAL"	"ELE"	"P_INF"	"PAL"	"MOG"	"FINAL"
3310	9497304.58	480117.712	428	141.24	3310	"BAN"	428	2330	2713		3483	141.24	768.9	895.29		1149.39		-627.66	-754.05		-1008.15
3342	9497150.506	480266.876	440	145.2	3342	"BAN"	440	2282	2625		2763	145.2	753.06	866.25		911.79		-607.86	-721.05		-766.59
3472	9497259.74	479905.883	430	141.9	3472	"BAN"	430	2502	2785		2851	141.9	825.66	919.05		940.83		-683.76	-777.15		-798.93
3507	9497351.84	480328.294	434	143.22	3507	"BAN"	434	2084	2500		2700	143.22	687.72	825		891		-544.5	-681.78		-747.78
3523	9497198.804	480475.904	442	145.86	3523	"BAN"	442	2075	2405		2600	145.86	684.75	793.65		858		-538.89	-647.79		-712.14
3524	9497101.17	480054.033	433	142.89	3524	"BAN"	433	2633	2860		2950	142.89	868.89	943.8		973.5		-726	-800.91		-830.61
3541	9496942.46	480201.528	440	145.2	3541	"BAN"	440	2570	2880		2983	145.2	848.1	950.4		984.39		-702.9	-805.2		-839.19
3543	9497512.371	480180.995	291	96.03	3543	"BAN"	291		2350		2681	96.03		775.5		884.73			-679.47		-788.7
3544	9497464.111	479969.498	276	91.08	3544	"BAN"	276	2225	2440		2700	91.08	734.25	805.2		891		-643.17	-714.12		-799.92
3574	9497040.624	480624.177	448	147.84	3574	"BAN"	448	2170	2400		2560	147.84	716.1	792		844.8		-568.26	-644.16		-696.96
3576	9496833.26	480560.189	445	146.85	3576	"BAN"	445	2450	2748		2800	146.85	808.5	906.84		924		-661.65	-759.99		-777.15
3577	9497088.48	480834.488	451	148.83	3577	"BAN"	451	1974	2225		2300	148.83	651.42	734.25		759		-502.59	-585.42		-610.17
3578	9496882.46	480772.15	450	148.5	3578	"BAN"	450	2190	2496		2551	148.5	722.7	823.68		841.83		-574.2	-675.18		-693.33
3621	9496671.29	480709.573	441	145.53	3621	"BAS"	441		2450		2914	145.53		808.5		961.62			-662.97		-816.09
3623	9496927.16	480979.114	451	148.83	3623	"BAN"	451	2014	2320		2350	148.83	664.62	765.6		775.5		-515.79	-616.77		-626.67
3626	9496975.389	481190.746	450	148.5	3626	"BAN"	450	1784	1990		3034	148.5	588.72	656.7		1001.22		-440.22	-508.2		-852.72
3656	9497296.74	480960.095	458	151.14	3656	"BAN"	458	1750	1958		2230	151.14	577.5	646.14		735.9		-426.36	-495		-584.76
3670	9499150.16	482289.177	204	67.32	3670	"ALG "	204	653	900	2110	3569	67.32	215.49	297	696.3	1177.77		-148.17	-229.68	-628.98	-1110.45
3695	9496391.64	481999.803	449	148.17	3695	"BAS"	449	1800	1930	3430	5800	148.17	594	636.9	1131.9	1914		-445.83	-488.73	-983.73	-1765.83
3785	9498891.98	480334.981	146	48.18	3785	"ALG "	146		220	1620	2504	48.18		72.6	534.6	826.32		48.18	-24.42	-486.42	-778.14
3885	9500158.34	480445.406	407	134.31	3845	"BAS"	407	3600	3910		3951	134.31	1188	1290.3		1303.83		-1053.69	-1155.99		-1169.52
3955	9497364.76	482704.229	458	151.14	3955	"CUE"	458	1460	1680	3365	5032	151.14	481.8	554.4	1110.45	1660.56		-330.66	-403.26	-959.31	-1509.42
3975	9499075.17	481058.866	133	43.89	3975	"ALG "	133		675		1144	43.89		222.75		377.52			-178.86		-333.63
4064	9499050.26	482461.683	208	68.64	4064	"ALG "	208	550	910		1283	68.64	181.5	300.3		423.39		-112.86	-231.66		-354.75
4066	9499047.636	482092.624	201	66.33	4066	"ALG "	201	720	1070		1228	66.33	237.6	353.1		405.24		-171.27	-286.77		-338.91
4187	9499263.018	482463.584	202	66.66	4187	"ALG "	202	700	1030		1250	66.66	231	339.9		412.5		-164.34	-273.24		-345.84
4188	9499263.094	482093.161	187	61.71	4188	"ALG "	187	815	1160		1221	61.71	268.95	382.8		402.93		-207.24	-321.09		-341.22
4192	9498836.757	482472.638	216	71.28	4192	"ALG "	216	810	1140		1295	71.28	267.3	376.2		427.35		-196.02	-304.92		-356.07
4193	9499196.51	481832.185	202	66.66	4193	"ALG "	202	995	1350		1467	66.66	328.35	445.5		484.11		-261.69	-378.84		-417.45
4194	9498742.15	482097.594	193	63.69	4194	"ALG "	193	720	1018		1256	63.69	237.6	335.94		414.48		-173.91	-272.25		-350.79
4198	9499475.604	482096.196	170	56.1	4198	"ALG "	170	807	1100		1250	56.1	266.31	363		412.5		-210.21	-306.9		-356.4
4725	9498294.38	481728.197	225	74.25	4725	"CUE"	225	393	740	2250	4665	74.25	129.69	244.2	742.5	1539.45		-55.44	-169.95	-668.25	-1465.2
4823	9496828.925	481294.429	453	149.49	4823	"BAN"	453	1838	2104		2957	149.49	606.54	694.32		975.81		-457.05	-544.83		-826.32
4824	9497317.253	480734.38	371	122.43	4824	"BAN"	371	1650	1892		2776	122.43	544.5	624.36		916.08		-422.07	-501.93		-793.65
4830	9499330.06	481083.802	147	48.51	4830	"ALG "	147			1325	3586	48.51			437.25	1183.38				-388.74	-1134.87
4870	9497450.913	482744.958	468	154.44	4870	"CUE"	468	1400	1748		1800	154.44	462	576.84		594		-307.56	-422.4		-439.56
4947	9496379.67	480129.512	431	142.23	4947	"BAS"	431	2910	3070		3199	142.23	960.3	1013.1		1055.67		-818.07	-870.87		-913.44
4948	9497974.08	481461.715	324	106.92	4948	"CUE"	324	1055	1345	2915	4647	106.92	348.15	443.85	961.95	1533.51		-241.23	-336.93	-855.03	-1426.59
4949	9498294.118	481428.287	197	65.01	4949	"CUE"	197	490	874		1760	65.01	161.7	288.42		580.8		-96.69	-223.41		-515.79
4951	9498293.19	482027.559	229	75.57	4951	"CUE"	229	436	556	2350	2909	75.57	143.88	183.48	775.5	959.97		-68.31	-107.91	-699.93	-884.4
4973	9497977.36	481125.605	230	75.9	4973	"CUE"	230	988	1220	2840	3455	75.9	326.04	402.6	937.2	1140.15		-250.14	-326.7	-861.3	-1064.25
4974	9497668.66	482329.953	472	155.76	4974	"CUE"	472	1307	1379	3260	3464	155.76	431.31	455.07	1075.8	1143.12		-275.55	-299.31	-920.04	-987.36
4975	9496336.24	480800.005	436	143.88	4975	"BAS"	436	2444	2666		3000	143.88	806.52	879.78		990		-662.64	-735.9		-846.12
4986	9498408.56	481165.988	180	59.4	4986	"CUE"	180	400	745		1750	59.4	132	245.85		577.5		-72.6	-186.45		-518.1
4987	9497989.98	481733.861	278	91.74	4987	"CUE"	278	902	1206		1991	91.74	297.66	397.98		657.03		-205.92	-306.24		-565.29
5017	9497709.3	481718.763	458	151.14	5017	"CUE"	458	1392	1753		2365	151.14	459.36	578.49		780.45		-308.22	-427.35		-629.31
5024	9497651.77	481504.852	460	151.8	5024	"CUE"	460	1512	1785		2258	151.8	498.96	589.05		745.14		-347.16	-437.25		-593.34
5035	9498080.76	480211.568	119	39.27	5035	"CUE"	119	1314	1424		1900	39.27	433.62	469.92		627		-394.35	-430.65		-587.73
5044	9498147.42	481573.011	219	72.27	5044	"CUE"	219	696	1012		1712	72.27	229.68	333.96		564.96		-157.41	-261.69		-492.69
5046	9498462.02	481849.924	230	75.9	5046	"CUE"	230	193	304		1345	75.9	63.69	100.32		443.85		12.21	-24.42		-367.95
5066	9498142.394	481825.477	270	89.1	5066	"CUE"	270	645	960		1710	89.1	212.85	316.8		564.3		-123.75	-227.7		-475.2
5218	9497873.112	481896.36	369	121.77	5218	"CUE"	369	1100	1340		2110	121.77	363	442.2		696.3		-241.23	-320.43		-574.53
5531	9497589.12	480896.444	460	151.8	5531	"CUE"	460	1710	1903		2227	151.8	564.3	627.99		734.91		-412.5	-476.19		-583.11
6152	9497636.23	481950.344	461	152.13	6152	"CUE"	461	1400	1660		2104	152.13	462	547.8		694.32		-309.87	-395.67		-542.19
6173	9498067.24	482057.036	327	107.91	6173	"CUE"	327	828	1014		1900	107.91	273.24	334.62		627		-165.33	-226.71		-519.09
6323	9499354.78	482290.653	135	44.55	6323	"ALG "	135	668	950		1400	44.55	220.44	313.5		462		-175.89	-268.95		-417.45
6374	9499449.13	482492.096	168	55.44	6374	"ALG "	168	492	815		1310	55.44	162.36	268.95		432.3		-106.92	-213.51		-376.86
6499	9498421.262	481568.405	192	63.36	6499	"CUE"	192	260	590		1483	63.36	85.8	194.7		489.39		-22.44	-131.34		-426.03
6768	9498923.46	482290.039	195	64.35	6768	"ALG "	195	680	1070		1200	64.35	224.4	353.1		396		-160.05	-288.75		-331.65
6773	9497051.497	481435.674	430	141.9	6773	"BAN"	430	1610	1893		2240	141.9	531.3	624.69		739.2		-389.4	-482.79		-597.3
6794	9496755.39	481093.548	443	146.19	6794	"BAN"	443	2175	2476		2780	146.19	717.75	817.08		917.4		-571.56	-670.89		-771.21
6796	9496861.24	481540.862	437	144.21	6796	"BAN"	437	1805	2116		2400	144.21	595.65	698.28		792		-451.44	-554.07		-647.79
6813	9497028.976	481177.042	444	146.52	6813	"BAN"	444	1792	1973		2370	146.52	591.36	651.09		782.1		-444.84	-504.57		-635.58
6814	9497190.33	481029.378	449	148.17	6814	"BAN"	449	1700	1920		2330	148.17	561	633.6		768.9		-412.83	-485.43		-620.73
6892	9496525.387	480935.686	434	143.22	6892	"BAS"	434	2322	2446		2642	143.22	766.26	807.18		871.86		-623.04	-663.96		-728.64
6893	9497111.55	481639.968	451	148.83	6893	"BAN"	451	1620	1880		2150	148.83	534.6	620.4		709.5		-385.77	-471.57		-560.67
6894	9496922.303	481750.565	449	148.17	6894	"BAN"	449	1770	2085		2353	148.17	584.1	688.05		776.49		-435.93	-539.88		-628.32
6896	9496709.424	481697.983	440	145.2	6896	"BAN"	440	1950	2015		2250	145.2	643.5	664.95		742.5		-498.3	-519.75		-597.3
6981	9497529.24	481136.496	445	146.85	6981	"CUE"	445	1680	1980	3443	5198	146.85	554.4	653.4	1136.19	1715.34		-407.55	-506.55	-989.34	-1568.49
6985	9497104.368	481860.197	450	148.5	6986	"BAN"	450	1585	1898		1980	148.5	523.05	626.34		653.4		-374.55	-477.84		-504.9
6987	9496541.72	480711.362	437	144.21	6987	"BAS"	437	2450	2615		2653	144.21	808.5	862.95		875.49		-664.29	-718.74		-731.28
6993	9496876.666	481970.152	444	146.52	6993	"BAN"	444	1860	2093		2250	146.52	613.8	690.69		742.5		-467.28	-544.17		-595.98
6994	9496539.141	481149.363	431	142.23	6994	"BAS"	431	2095	2315		2660	142.23	691.35	763.95		877.8		-549.12	-621.72		-735.57
6996	9497295.274	480706.378	362	119.46	6996	"BAN"	362	1750	2015		2430	119.46	577.5	664.95		801.9		-458.04	-545.49		-682.44
7202	9496339.953	481053.005	436	143.88	7202	"BAS"	436	2350	2490		2680	143.88	775.5	821.7		884.4		-631.62	-677.82		-740.52
7203	9496374.27	481492.256	432	142.56	7203	"BAS"	432	2008	2282		2538	142.56	662.64	753.06		837.54		-520.08	-610.5		-694.98
7273	9496559.021	481367.607	442	145.86	7273	"BAS"	442	1944	2079		2450	145.86	641.52	686.07		808.5		-495.66	-540.21		-662.64
7274	9496384.926	481704.085	439	144.87	7274	"BAS"	439	1915	1970		2280	144.87	631.95	650.1		752.4		-487.08	-505.23		-607.53
7334	9497077.49	482088.899	447	147.51	7334	"BAN"	447	1615	1804		2020	147.51	532.95	595.32		666.6		-385.44	-447.81		-519.09
7336	9496347.352	481271.846	429	141.57	7336	"BAS"	429	2200	2385		2600	141.57	726	787.05		858		-584.43	-645.48		-716.43
7337	9496562.51	481585.506	440	145.2	7337	"BAS"	440	1728	1914		2317	145.2	570.24	631.62		764.61		-425.04	-486.42		-619.41
7338	9496172.028	481657.295	430	141.9	7338	"BAS"	430	2110	2330		2600	141.9	696.3	768.9		858		-554.4	-627		-716.1
7344	9497613.43	479786.975	193	63.69	7344	"LEO"	193		2460	3919	4893	63.69		811.8	1293.27	1614.69			-748.11	-1229.58	-1551
7366	9498235.63	481055.177	196	64.68	7366	"CUE"	196	675	900		1300	64.68	222.75	297		429		-158.07	-232.32		-364.32
7367	9498169.685	481269.509	196	64.68	7367	"CUE"	196	590	990		1247	64.68	194.7	326.7		411.51		-130.02	-262.02		-346.83
7368	9497708.87	481225.917	342	112.86	7368	"CUE"	342	1430	1600		1971	112.86	471.9	528		650.43		-359.04	-415.14		-537.57
7369	9497842.705	480826.459	203	66.99	7369	"CUE"	203	1303	1570		1835	66.99	429.99	518.1		605.55		-363	-451.11		-538.56
7371	9497504.98	481661.681	454	149.82	7371	"CUE"	454	1600	1821		2204	149.82	528	600.93		727.32		-378.18	-451.11		-577.5
7401	9499021.27	482916.213	218	71.94	7401	"ALG "	218	662	912		1430	71.94	218.46	300.96		471.9		-146.52	-229.02		-399.96
7443	9498271.361	480855.154	204	67.32	7443	"CUE"	204	770	870		1235	67.32	254.1	287.1		407.55		-186.78	-219.78		-340.23
7444	9498062.018	480897.892	185	61.05	7444	"CUE"	185	910	1118		1550	61.05	300.3	368.94		511.5		-239.25	-307.89		-450.45
7616	9497607.63	480177.64	232	76.56	7616	"LEO"	232		2550	3531	4900	76.56		841.5	1165.23	1617			-764.94	-1088.67	-1540.44
7617	9497275.55	480017.524	421	138.93	7617	"BAN"	421	2452	2803	4502	5100	138.93	809.16	924.99	1485.66	1683		-670.23	-786.06	-1346.73	-1544.07
7663	9497233.1	481267.875	450	148.5	7663	"BAN"	450	1580	1760		2165	148.5	521.4	580.8		714.45		-372.9	-432.3		-565.95
7682	9496171.62	481428.65	444	146.52	7682	"BAS"	444	2222	2466		2600	146.52	733.26	813.78		858		-586.74	-667.26		-711.48
7683	9495973.448	481567.169	443	146.19	7683	"BAS"	443	2161	2400		2438	146.19	713.13	792		804.54		-566.94	-645.81		-658.35
7684	9496187.77	481900.779	436	143.88	7684	"BAS"	436	1900	2010		2285	143.88	627	663.3		754.05		-483.12	-519.42		-610.17
7686	9495977.3	481798.566	400	132	7686	"BAS"	400	2082	2205		2353	132	687.06	727.65		776.49		-555.06	-595.65		-644.49
7763	9497995.373	479881.444	107	35.31	7763	"LEO"	107		2054		2153	35.31		677.82		710.49		35.31	-642.51		-675.18
13401	9499344.567	482654.712	185	61.05	13401	"ALG "	185	500	812		1200	61.05	165	267.96		396		-103.95	-206.91		-334.95
13402	9497848.374	481553.365	450	148.5	13402	"CUE"	450	1306	1643		2008	148.5	430.98	542.19		662.64		-282.48	-393.69		-514.14
13403	9497255.94	481645.053	452	149.16	13403	"BAN"	452	1557	1864		2000	149.16	513.81	615.12		660		-364.65	-465.96		-510.84
13405	9496768.7	480889.696	440	145.2	13405	"BAN"	440	2348	2610	4003	5212	145.2	774.84	861.3	1320.99	1719.96		-629.64	-716.1	-1175.79	-1574.76
"4948A"	9497960.427	481434.091	324	106.92	"4948A"	"CUE"	324	1077	1338		1496	106.92	355.41	441.54		493.68		-248.49	-334.62		-386.76
